                 Остатки        Леверидж     Воздействие        DFFITS
                    u          0<=h<=1         u*h/(1-h)

       1        -1099,4          0,009          -9,6719         -0,018
       2        -1320,1          0,019          -25,785         -0,032
       3          17419          0,010           167,44          0,294
       4        -5,7918          0,007        -0,041561         -0,000
       5        -2020,2          0,008           -15,88         -0,031
       6         593,38          0,008           4,5154          0,009
       7        -2951,9          0,010          -29,344         -0,050
       8         7777,6          0,015           116,58          0,163
       9         2677,3          0,012           32,524          0,050
      10         2115,7          0,020           42,876          0,052
      11         1071,6          0,013           13,854          0,021
      12        -2313,9          0,019          -44,387         -0,055
      13         504,43          0,008           3,8996          0,008
      14        -4186,8          0,024          -101,56         -0,112
      15        -4220,9          0,008          -32,602         -0,063
      16        -3259,5          0,012            -39,1         -0,061
      17        -915,04          0,017          -16,255         -0,021
      18           8886          0,027           244,72          0,254
      19        -2323,4          0,017           -39,84         -0,052
      20          -5292          0,017          -90,116         -0,118
      21        -891,36          0,016          -14,378         -0,019
      22          17854          0,011           206,49          0,331
      23         698,89          0,006           4,3855          0,009
      24        -7442,3          0,017          -128,17         -0,168
      25        -144,72          0,005         -0,76472         -0,002
      26         132,45          0,018           2,4271          0,003
      27        -3553,7          0,008          -29,275         -0,055
      28        -4799,8          0,015           -74,11         -0,102
      29        -5040,8          0,009          -44,582         -0,081
      30        -5477,4          0,022          -123,55         -0,141
      31        -8785,3          0,021          -192,11         -0,224
      32         8038,2          0,018            143,6          0,184
      33          640,7          0,008           5,3188          0,010
      34           1392          0,007           9,8309          0,020
      35        -5154,5          0,029*         -154,97         -0,154
      36        -5146,5          0,014          -75,245         -0,107
      37        -8401,1          0,022          -187,32         -0,216
      38        -211,03          0,006           -1,207         -0,003
      39          17289          0,012           206,01          0,325
      40        -5584,8          0,018          -101,46         -0,129
      41        -3723,8          0,016          -60,363         -0,081
      42        -3229,5          0,007          -23,725         -0,047
      43        -3848,3          0,011          -41,206         -0,068
      44        -3715,8          0,016          -60,244         -0,081
      45          18269          0,012           218,93          0,345
      46         102,27          0,013            1,397          0,002
      47           1184          0,009           11,196          0,020
      48          306,6          0,012           3,7758          0,006
      49         7251,8          0,015           108,54          0,152
      50        -4264,8          0,015          -64,281         -0,090
      51        -47,953          0,010         -0,47606         -0,001
      52         7042,3          0,031*          224,29          0,217
      53         2531,9          0,012           31,652          0,048
      54         539,12          0,009           4,8051          0,009
      55         261,39          0,008           2,0169          0,004
      56        -3196,4          0,008          -25,363         -0,049
      57          12470          0,020           254,17          0,307
      58        -7064,2          0,025          -177,88         -0,193
      59         6109,4          0,023           145,93          0,162
      60        -3818,3          0,009          -34,301         -0,062
      61         240,88          0,005           1,2603          0,003
      62        -5084,8          0,017          -89,365         -0,116
      63        -7916,2          0,013           -105,1         -0,156
      64         694,28          0,005           3,4535          0,008
      65        -6091,9          0,010           -64,29         -0,107
      66        -6617,7          0,016           -110,3         -0,147
      67        -7103,4          0,013          -92,757         -0,139
      68        -1335,9          0,010          -13,002         -0,022
      69        -252,39          0,017          -4,4296         -0,006
      70        -4265,7          0,015          -67,089         -0,092
      71        -2028,2          0,011          -21,601         -0,036
      72         868,27          0,025           21,909          0,024
      73         2550,7          0,027           69,823          0,073
      74        -1170,5          0,015          -18,287         -0,025
      75         250,39          0,011           2,8016          0,005
      76         1124,4          0,023           26,835          0,030
      77        -142,14          0,006         -0,79381         -0,002
      78           1417          0,008           11,866          0,022
      79        -2790,7          0,011          -31,171         -0,050
      80         1792,2          0,018           32,742          0,042
      81          -2690          0,010          -28,477         -0,047
      82         1827,7          0,010           18,166          0,031
      83         382,23          0,009           3,6626          0,006
      84        -7229,7          0,022          -165,25         -0,188
      85        -5858,9          0,014          -80,512         -0,118
      86        -3667,7          0,015          -57,708         -0,079
      87        -668,75          0,019          -12,748         -0,016
      88        -3139,6          0,007          -22,321         -0,045
      89        -2899,4          0,006          -17,422         -0,038
      90        -255,27          0,014          -3,6278         -0,005
      91        -4237,7          0,007          -28,349         -0,059
      92        -580,91          0,013          -7,7235         -0,011
      93        -5724,6          0,020          -116,62         -0,140
      94         8818,1          0,027*          245,08          0,254
      95         1327,9          0,007           9,4187          0,019
      96        -4436,8          0,020          -88,606         -0,108
      97          11349          0,009            102,2          0,184
      98        -184,43          0,009          -1,7572         -0,003
      99          -9241          0,035*         -338,78         -0,307
     100         7154,4          0,015           111,54          0,153
     101         870,38          0,017           15,241          0,020
     102         7998,8          0,017           134,21          0,178
     103         521,85          0,016           8,6468          0,012
     104        -7726,6          0,023          -180,61         -0,203
     105         558,26          0,006           3,4097          0,007
     106         355,19          0,007           2,6202          0,005
     107        -439,12          0,008           -3,678         -0,007
     108         33,737          0,015          0,50199          0,001
     109         1254,9          0,020           25,539          0,031
     110          -5884          0,014          -85,545         -0,122
     111         9330,5          0,029*          282,28          0,281
     112        -5,3608          0,007        -0,039107         -0,000
     113        -2111,2          0,008          -16,502         -0,032
     114        -7637,5          0,043*         -342,04         -0,281
     115          10411          0,019           199,01          0,248
     116          15935          0,011           172,92          0,286
     117         1317,4          0,010           13,115          0,022
     118          240,4          0,009           2,1428          0,004
     119        -1015,7          0,016          -16,632         -0,022
     120          10449          0,015           158,49          0,221
     121          -3438          0,009          -30,016         -0,055
     122        -3729,1          0,007           -25,64         -0,053
     123        -3842,8          0,007          -25,682         -0,054
     124        -3400,1          0,007          -25,286         -0,050
     125         -358,8          0,007          -2,3835         -0,005
     126         61,512          0,005          0,31671          0,001
     127          19066          0,021            413,3          0,487
     128          -5125          0,015          -77,087         -0,108
     129          -4039          0,006          -23,164         -0,052
     130         7556,8          0,024           183,31          0,203
     131        -6719,7          0,015          -103,24         -0,143
     132        -1760,2          0,010          -18,586         -0,031
     133         644,65          0,011           6,9449          0,011
     134         6003,7          0,015           89,364          0,125
     135         1626,2          0,011           18,802          0,030
     136          -1797          0,012          -21,446         -0,034
     137        -3152,1          0,012          -36,735         -0,058
     138        -3625,7          0,006           -21,38         -0,047
     139         139,12          0,011           1,5107          0,002
     140        -1324,7          0,020          -26,963         -0,032
     141        -2281,1          0,007          -16,512         -0,033
     142        -116,07          0,013          -1,5622         -0,002
     143        -4325,8          0,014          -60,447         -0,088
     144         2498,6          0,014           35,359          0,051
     145           1922          0,010           20,158          0,034
     146        -3261,2          0,006          -18,453         -0,042
     147        -5919,6          0,017          -103,63         -0,134
     148        -7752,4          0,021          -165,55         -0,195
     149        -1243,8          0,022          -27,353         -0,032
     150        -9455,5          0,031*         -301,82         -0,292
     151         7390,3          0,017           129,55          0,168
     152            168          0,015           2,5504          0,004
     153        -2998,7          0,019          -57,362         -0,071
     154        -4334,8          0,015          -67,853         -0,093
     155        -3013,5          0,007          -20,095         -0,042
     156        -2915,7          0,007          -20,067         -0,041
     157        -3609,6          0,014          -50,945         -0,073
     158         618,83          0,012           7,3532          0,012
     159          -4201          0,015          -65,549         -0,090
     160         1955,8          0,021           41,509          0,049
     161        -8237,2          0,018          -151,11         -0,192
     162        -9619,4          0,033*         -333,23         -0,310
     163        -3466,4          0,011          -38,857         -0,063
     164         7465,4          0,014           107,46          0,153
     165          -3219          0,009          -28,785         -0,052
     166         358,34          0,006           2,1588          0,005
     167         5844,6          0,013           79,099          0,116
     168         3114,1          0,022           71,407          0,081
     169          10381          0,018           187,26          0,240
     170         898,04          0,018           16,516          0,021
     171        -419,56          0,008          -3,5558         -0,007
     172        -3226,3          0,009          -30,492         -0,054
     173        -3260,9          0,007          -21,744         -0,045
     174        -5897,1          0,016          -94,815         -0,128
     175         555,36          0,014            7,663          0,011
     176         994,64          0,008           7,9683          0,015
     177          411,3          0,006           2,3937          0,005
     178        -2166,9          0,009          -20,651         -0,036
     179        -3321,4          0,021          -71,636         -0,084
     180         655,64          0,008           5,2956          0,010
     181        -3294,4          0,016          -53,652         -0,072
     182          20140          0,006           123,57          0,272
     183        -1852,2          0,012          -22,069         -0,035
     184           8666          0,006           52,067          0,115
     185        -4686,7          0,019          -92,427         -0,113
     186          10908          0,017           190,77          0,248
     187          -4705          0,009          -42,913         -0,077
     188         1239,8          0,020           25,706          0,031
     189        -2705,8          0,008          -21,249         -0,041
     190         1439,7          0,009           13,267          0,024
     191        -404,37          0,005           -2,145         -0,005
     192        -4275,5          0,016          -67,897         -0,092
     193        -2740,2          0,009          -26,264         -0,046
     194         468,61          0,016           7,6728          0,010
     195         737,77          0,007           5,2364          0,011
     196        -2406,8          0,008          -19,783         -0,037
     197         736,49          0,008           6,0818          0,011
     198          -3891          0,014          -57,234         -0,081
     199        -3677,9          0,007          -26,778         -0,054
     200          18301          0,018           344,89          0,435
     201        -5178,6          0,010          -54,365         -0,091
     202         884,03          0,009           8,2163          0,015
     203        -1544,8          0,011          -16,444         -0,027
     204        -263,99          0,007          -1,8253         -0,004
     205          -2945          0,009          -26,018         -0,047
     206        -7608,1          0,022          -167,97         -0,194
     207         66,546          0,010          0,65791          0,001
     208        -3202,7          0,015          -49,135         -0,068
     209         9175,7          0,017           158,35          0,207
     210          -3650          0,006          -21,519         -0,048
     211         7224,7          0,022           165,38          0,188
     212        -4052,5          0,011          -46,422         -0,074
     213         940,31          0,019           18,093          0,022
     214        -2886,9          0,007          -21,532         -0,043
     215        -2277,5          0,011          -25,566         -0,041
     216        -4061,4          0,014           -58,44         -0,083
     217         8691,3          0,030*          267,45          0,264
     218        -3088,4          0,016          -51,645         -0,068
     219         989,38          0,009           9,4137          0,016
     220          27819          0,018           520,79          0,668
     221         1730,2          0,009           15,804          0,028
     222        -2790,7          0,011          -31,171         -0,050
     223         1182,5          0,023           27,853          0,031
     224          14459          0,016           229,57          0,314
     225         1317,9          0,013           16,853          0,025
     226        -6946,8          0,017          -122,21         -0,158
     227        -3233,7          0,006            -19,1         -0,042
     228        -3610,3          0,007          -25,705         -0,052
     229        -5473,9          0,019          -104,07         -0,130
     230         510,93          0,006           3,2122          0,007
     231        -6548,1          0,017          -114,45         -0,149
     232        -2628,6          0,011          -28,887         -0,047
     233         1007,8          0,023           24,127          0,027
     234         677,98          0,010           7,1035          0,012
     235         8321,7          0,019           164,16          0,201
     236         357,84          0,012           4,2473          0,007
     237         32,232          0,006          0,19696          0,000
     238          -1249          0,018          -22,811         -0,029
     239           8727          0,018           162,97          0,205
     240        -51,249          0,014         -0,72815         -0,001
     241        -3341,7          0,013          -44,907         -0,066
     242         1800,4          0,009           15,869          0,029
     243          13186          0,018           235,78          0,304
     244         2012,3          0,023           47,546          0,053
     245        -2752,8          0,010          -26,655         -0,046
     246        -4117,3          0,018          -77,196         -0,097
     247        -141,05          0,005         -0,73648         -0,002
     248         218,29          0,015           3,4313          0,005
     249          350,7          0,012           4,3159          0,007
     250        -4380,6          0,015          -68,551         -0,094
     251          13268          0,007            91,44          0,189
     252         1107,3          0,020           23,091          0,027
     253         7014,5          0,022           155,76          0,180
     254         8686,5          0,019           168,58          0,208
     255        -3159,9          0,007          -23,855         -0,047
     256         298,81          0,008           2,5595          0,005
     257         7762,3          0,026            208,8          0,220
     258         397,31          0,007           2,8651          0,006
     259         79,794          0,016            1,288          0,002
     260        -605,07          0,014          -8,4162         -0,012
     261         186,14          0,009           1,7634          0,003
     262        -2784,3          0,010          -28,151         -0,048
     263        -5461,9          0,014          -79,658         -0,113
     264          14397          0,015           222,28          0,308
     265        -3608,3          0,008          -28,548         -0,055
     266        -6356,7          0,022          -145,07         -0,165
     267         350,51          0,006           1,9544          0,004
     268         56,928          0,010          0,56804          0,001
     269        -984,39          0,018          -18,283         -0,023
     270        -3345,5          0,017          -56,857         -0,075
     271          -3537          0,014           -51,02         -0,073
     272        -5235,8          0,017          -92,171         -0,119
     273         1413,9          0,007           10,651          0,021
     274         1877,7          0,010           18,381          0,032
     275        -2785,1          0,008          -23,858         -0,044
     276         910,85          0,007           6,3966          0,013
     277        -491,66          0,007          -3,6667         -0,007
     278        -7652,9          0,015          -120,03         -0,164
     279        -4448,5          0,018          -81,057         -0,103
     280         723,73          0,007           4,9173          0,010
     281         7072,4          0,025           184,76          0,197
     282         -118,7          0,014          -1,6482         -0,002
     283         7968,1          0,016           127,31          0,173
     284        -250,48          0,007          -1,6433         -0,003
     285         1205,8          0,011           13,193          0,022
     286        -3715,1          0,008          -29,489         -0,056
     287        -297,19          0,012          -3,5434         -0,006
     288        -3468,9          0,013          -45,537         -0,068
     289         8633,4          0,018           155,26          0,199
     290        -792,75          0,016          -12,673         -0,017
     291         305,29          0,016           4,9626          0,007
     292        -5558,2          0,018             -102         -0,129
     293        -3616,1          0,018          -64,571         -0,083
     294        -128,07          0,007         -0,83879         -0,002
     295          170,3          0,014           2,3533          0,003
     296        -2506,6          0,009          -21,726         -0,040
     297         785,14          0,019           15,279          0,019
     298         537,34          0,007           3,7364          0,008
     299        -5295,2          0,020          -105,94         -0,129
     300        -4983,4          0,014          -69,785         -0,101
     301        -4517,9          0,014          -62,258         -0,091
     302          -5918          0,011          -65,388         -0,106
     303        -3683,6          0,010           -39,08         -0,065
     304        -4628,5          0,012          -54,206         -0,086
     305         1300,4          0,008           10,841          0,020
     306        -3944,8          0,014          -54,679         -0,079
     307        -6687,2          0,016          -111,26         -0,148
     308        -7954,3          0,013          -101,18         -0,154
     309        -4609,9          0,006          -30,156         -0,064
     310          15959          0,014           225,62          0,327
     311        -3830,4          0,012          -47,208         -0,073
     312          -6799          0,027          -187,19         -0,195
     313         270,03          0,015           4,1165          0,006
     314          721,1          0,007           5,1657          0,010
     315        -6230,2          0,013          -83,464         -0,123
     316          24537          0,016           387,08          0,537
     317         1288,7          0,010           12,615          0,022
     318         6176,4          0,023           144,25          0,162
     319        -173,03          0,005         -0,88857         -0,002
     320        -3516,7          0,009          -30,306         -0,056
     321         727,98          0,010           7,3273          0,012
     322        -2110,5          0,010          -20,341         -0,035
     323          -2925          0,008          -24,351         -0,046
     324        -3486,2          0,008          -26,893         -0,052
     325         6880,6          0,015           104,73          0,145
     326        -2691,2          0,018          -48,978         -0,062
     327         1035,5          0,016           16,398          0,022
     328        -3342,2          0,016          -53,273         -0,072
     329           1077          0,011           11,945          0,019
     330         1759,6          0,011           18,745          0,031
     331          115,2          0,018           2,0562          0,003
     332         132,39          0,010           1,2929          0,002
     333         365,72          0,009           3,2086          0,006
     334         1591,8          0,010           15,468          0,027
     335         8697,2          0,024           216,33          0,236
     336         46,224          0,017          0,81653          0,001
     337        -3307,3          0,007          -23,808         -0,048
     338        -2867,7          0,008          -23,585         -0,044
     339        -4730,5          0,019          -93,288         -0,114
     340         754,47          0,008           5,7777          0,011
     341        -2130,9          0,010          -22,291         -0,037
     342         552,59          0,008           4,2254          0,008
     343        -523,94          0,018          -9,3728         -0,012
     344        -298,81          0,020           -6,047         -0,007
     345        -4137,8          0,017          -70,447         -0,093
     346           7900          0,019           156,11          0,191
     347         959,86          0,019           18,574          0,023
     348        -534,32          0,013          -7,2365         -0,011
     349        -6980,9          0,013          -93,159         -0,138
     350         6514,4          0,014           91,666          0,132
     351        -5241,9          0,007          -36,843         -0,075
     352          22630          0,019           440,26          0,550
     353         1033,3          0,015           15,659          0,022
     354         1055,8          0,010           10,462          0,018
     355        -4053,9          0,006           -25,19         -0,054
     356         2116,3          0,019           41,248          0,051
     357         150,31          0,008           1,2555          0,002
     358        -6639,4          0,014          -95,711         -0,137
     359          10035          0,008            79,14          0,152
     360         8055,1          0,015           119,21          0,168
     361          15150          0,007           112,69          0,224
     362        -301,48          0,015          -4,6639         -0,006
     363          10784          0,017           182,38          0,241
     364        -7768,5          0,022          -173,52         -0,200
     365         461,51          0,006            2,589          0,006
     366         1617,1          0,012           20,344          0,031
     367        -8373,4          0,014           -119,7         -0,172
     368        -5731,2          0,020          -115,34         -0,140
     369          15597          0,007           114,27          0,229
     370         355,84          0,008           2,8933          0,005
     371          10345          0,008           86,527          0,162
     372        -1666,6          0,020          -34,591         -0,041
     373        -3983,2          0,016          -65,296         -0,087
     374          20308          0,007           137,04          0,288
     375        -4750,7          0,006          -30,514         -0,065
     376        -481,51          0,015          -7,5225         -0,010
     377          -9103          0,028*         -261,42         -0,266
     378         221,96          0,016           3,5034          0,005
     379        -4900,5          0,016          -81,467         -0,108
     380        -356,36          0,006          -2,0535         -0,005
     381        -8748,7          0,021          -190,07         -0,222
     382         1584,6          0,014           21,865          0,032
     383        -4145,3          0,015          -62,878         -0,087
     384        -913,29          0,019           -17,82         -0,022
     385        -7106,5          0,023           -170,5         -0,189
     386         392,17          0,008           3,1031          0,006
     387        -3431,9          0,006          -21,676         -0,046
     388         941,17          0,009            8,597          0,015
     389         1783,8          0,009           15,702          0,029
     390        -4141,2          0,017          -69,713         -0,092
     391        -6088,8          0,016          -100,81         -0,134
     392         1368,9          0,025           35,363          0,038
     393        -4093,3          0,012          -50,847         -0,078
     394         7387,7          0,015           115,16          0,158
     395         -188,6          0,011          -2,1452         -0,003
     396          19769          0,019           373,61          0,471
     397        -6700,5          0,014          -97,654         -0,139
     398         1300,7          0,010           12,849          0,022
     399         7406,2          0,019           142,95          0,177
     400        -3328,1          0,008          -26,458         -0,051
     401        -7816,9          0,020          -162,61         -0,194
     402         251,29          0,005           1,2864          0,003
     403         1522,2          0,008           12,285          0,023
     404        -4358,7          0,007          -32,072         -0,064
     405         1779,4          0,012           20,817          0,033
     406        -141,73          0,011          -1,5443         -0,003
     407         35,032          0,009          0,31245          0,001
     408          -1399          0,017          -24,888         -0,032
     409        -6824,8          0,017          -116,24         -0,153
     410         2827,3          0,014           39,895          0,057
     411        -1793,3          0,011          -20,187         -0,033
     412        -3196,9          0,010          -31,997         -0,055
     413         242,63          0,019           4,7692          0,006
     414         3027,7          0,020           63,127          0,075
     415         419,47          0,008           3,5051          0,007
     416        -327,04          0,007          -2,3534         -0,005
     417         952,66          0,011           10,348          0,017
     418        -1580,2          0,019          -30,857         -0,038
     419         1,7008          0,011         0,018305          0,000
     420        -2922,9          0,009          -25,761         -0,047
     421          340,7          0,012           4,2175          0,006
     422         8311,8          0,023           199,38          0,222
     423          10204          0,008           79,527          0,154
     424         -458,4          0,011          -5,0879         -0,008
     425        -2200,8          0,008          -16,656         -0,033
     426        -210,43          0,016          -3,4923         -0,005
     427         476,72          0,007           3,5272          0,007
     428        -172,98          0,019          -3,3757         -0,004
     429           8647          0,025           217,19          0,236
     430          11988          0,008           91,824          0,180
     431         2127,3          0,011           23,337          0,038
     432         1835,9          0,017           32,398          0,042
     433          12139          0,007           90,042          0,179
     434         902,03          0,008           7,3505          0,014
     435          10618          0,019           203,73          0,253
     436        -4061,4          0,016          -65,043         -0,088
     437          -2763          0,010          -28,173         -0,048
     438        -1900,7          0,012          -22,404         -0,035
     439        -3561,5          0,009          -34,005         -0,059
     440        -4184,5          0,007          -28,802         -0,059
     441         423,32          0,017           7,2571          0,009
     442        -2223,3          0,011          -23,892         -0,039
     443          -3792          0,006          -22,263         -0,050
     444          889,7          0,012           10,537          0,017
     445         14,004          0,007          0,10247          0,000
     446        -9,1183          0,005         -0,04856         -0,000
     447        -3768,9          0,006          -22,233         -0,049
     448        -5343,5          0,018          -96,815         -0,123
     449        -4242,4          0,015           -64,09         -0,089
     450        -6654,5          0,014          -97,399         -0,138
     451        -3639,4          0,009          -34,154         -0,060
     452          -5348          0,014          -74,051         -0,108
     453        -278,89          0,013          -3,5855         -0,005
     454         707,06          0,007           4,8688          0,010
     455        -35,369          0,014         -0,49834         -0,001
     456        -1987,4          0,010          -20,382         -0,034
     457        -6698,3          0,012          -84,755         -0,129
     458          -4025          0,014          -59,012         -0,083
     459        -1729,2          0,009          -15,178         -0,028
     460         680,43          0,008           5,3411          0,010
     461          15305          0,021           324,78          0,385
     462         7661,4          0,020            154,3          0,187
     463        -678,05          0,009          -6,1547         -0,011
     464        -553,39          0,013          -7,3687         -0,011
     465        -6361,1          0,021          -135,73         -0,160
     466        -3523,4          0,009          -32,961         -0,058
     467        -2991,1          0,007          -20,491         -0,042
     468         1340,9          0,017           22,504          0,030
     469        -6707,1          0,012          -83,799         -0,128
     470        -3425,7          0,007          -22,585         -0,047
     471           1584          0,012           18,612          0,029
     472        -2666,4          0,008          -21,351         -0,041
     473         6516,7          0,016           105,36          0,142
     474        -3617,1          0,016          -59,051         -0,079
     475         1483,6          0,008           11,463          0,022
     476         491,66          0,005           2,5982          0,006
     477          962,8          0,027            26,54          0,028
     478        -2273,4          0,010          -22,834         -0,039
     479          22869          0,023            541,3          0,614
     480         689,82          0,017           11,956          0,016
     481         2927,3          0,014           41,306          0,059
     482         806,05          0,011           8,5856          0,014
     483        -172,86          0,016           -2,832         -0,004
     484         7749,4          0,015           117,66          0,164
     485        -5826,6          0,020          -117,22         -0,142
     486        -4588,1          0,016          -75,895         -0,101
     487         999,14          0,009           8,6027          0,016
     488          12686          0,018           234,91          0,297
     489         1185,9          0,008           9,1237          0,018
     490        -3676,1          0,014          -53,355         -0,076
     491        -3760,4          0,008          -30,127         -0,057
     492        -3924,8          0,008          -33,399         -0,062
     493        -2397,6          0,010           -24,17         -0,041
     494          -5820          0,017          -103,63         -0,133
     495         32,356          0,016          0,52595          0,001
     496        -6693,5          0,023          -156,11         -0,176
     497        -7230,8          0,019           -137,2         -0,171
     498         1826,5          0,019           35,553          0,044
     499         901,81          0,018           16,568          0,021
     500         1050,4          0,009           9,1704          0,017
     501        -1034,3          0,015          -15,971         -0,022
     502         1583,8          0,009           14,229          0,026
     503         7966,5          0,027*          223,96          0,230
     504        -8168,8          0,020          -169,15         -0,202
     505        -8212,1          0,015          -127,66         -0,176
     506        -6742,3          0,023          -161,34         -0,180
     507        -98,549          0,005         -0,52898         -0,001
     508          -8154          0,022          -184,59         -0,211
     509         6660,8          0,020           135,61          0,163
     510        -408,57          0,014          -5,6878         -0,008
     511        -4180,1          0,016           -69,44         -0,092
     512        -5421,2          0,018          -100,79         -0,127
     513        -2655,8          0,010          -25,728         -0,045
     514        -3777,4          0,006          -21,467         -0,049
     515          19198          0,015           299,83          0,415
     516        -3781,1          0,016          -62,447         -0,083
     517        -2313,2          0,011          -25,624         -0,042
     518        -4548,4          0,020          -95,047         -0,113

('*' указывает на точку левериджа)

Cross-validation criterion = 1,82599e+010
